15 1

1 1 1 1 1 1 1 1 1 1 1 1 1 1 1 

0 33 18 20 28 39 33 28 12 50 19 13 66 43 26 
26 0 22 6 18 29 11 14 16 40 15 13 33 21 16 
4 24 0 11 19 30 24 19 3 41 10 4 57 34 17 
20 25 16 0 20 17 13 8 10 28 9 7 44 23 18 
13 19 28 25 0 11 25 20 22 22 21 23 38 35 12 
16 8 17 14 3 0 14 9 11 11 10 12 27 24 1 
20 12 21 18 7 18 0 26 15 29 22 13 22 10 5 
12 17 8 10 12 23 5 0 2 34 1 3 27 15 10 
10 21 6 8 16 27 21 16 0 38 7 1 54 31 14 
24 35 20 22 24 35 35 30 14 0 21 15 16 45 28 
24 14 20 20 9 20 25 28 23 31 0 24 47 35 7 
16 32 12 7 27 24 20 15 6 35 13 0 51 30 25 
20 27 16 11 8 19 24 19 10 30 17 4 0 34 20 
15 25 11 13 20 31 13 21 5 42 12 6 35 0 18 
17 7 13 13 2 13 18 21 16 24 22 17 40 28 0 

