20 1

1 1 1 1 1 1 1 1 1 1 1 1 1 1 1 1 1 1 1 1 

0 38 30 41 35 12 37 11 46 40 44 36 41 28 29 54 15 25 37 32 
21 0 17 15 22 25 37 20 33 27 31 21 28 29 17 21 24 38 22 1 
13 8 0 11 5 25 50 24 16 10 14 30 11 38 24 24 28 38 31 9 
26 5 22 0 18 30 36 25 38 32 27 26 15 27 22 28 29 24 27 6 
23 11 10 6 0 20 27 33 26 20 9 25 6 33 37 19 26 33 26 12 
17 26 18 29 23 0 25 20 34 28 32 24 29 16 17 42 24 13 25 20 
11 22 21 17 11 31 0 15 37 31 20 36 17 44 12 30 19 44 31 23 
1 32 31 27 21 13 38 0 47 41 30 37 18 29 30 31 4 26 16 33 
12 13 5 16 10 23 28 11 0 15 19 19 16 18 8 13 15 36 20 14 
18 19 11 22 16 29 34 17 6 0 25 25 22 24 14 19 21 42 26 20 
14 9 1 12 6 11 36 25 17 11 0 31 12 27 28 25 29 24 32 10 
9 16 15 11 5 4 29 8 31 25 14 0 11 8 21 24 12 17 1 17 
28 14 13 9 3 23 48 27 29 23 12 19 0 27 40 13 20 36 20 15 
22 21 20 16 10 17 42 21 36 30 19 26 7 0 34 20 25 30 14 22 
4 35 26 30 24 16 20 3 21 15 33 40 21 32 0 34 7 29 19 36 
15 22 21 17 11 10 35 14 37 31 20 6 17 14 22 0 7 23 7 6 
42 28 27 23 17 37 62 41 43 37 26 33 14 21 54 27 0 50 34 29 
4 13 5 16 10 14 12 7 21 15 19 35 16 3 4 29 11 0 11 7 
8 15 14 10 4 3 28 7 30 24 13 29 10 19 20 23 11 16 0 16 
20 24 16 27 21 30 36 19 32 26 30 26 27 34 16 20 23 43 27 0 

