25 1

1 1 1 1 1 1 1 1 1 1 1 1 1 1 1 1 1 1 1 1 1 1 1 1 1 

0 24 7 4 8 8 28 24 8 7 10 8 18 36 14 4 5 1 12 7 2 9 11 18 9 
20 0 12 5 9 14 36 25 10 8 5 3 19 37 16 9 10 9 13 9 7 4 31 13 14 
16 39 0 1 5 10 41 21 8 4 19 22 31 33 8 17 16 14 9 13 15 23 27 32 14 
15 38 19 0 4 9 40 20 7 3 18 21 30 32 19 16 15 13 8 12 14 22 26 31 13 
16 34 20 1 0 10 41 16 3 4 19 22 31 28 20 17 16 14 9 13 15 23 27 32 14 
6 30 13 10 14 0 34 30 14 13 9 12 28 42 20 10 11 7 18 13 8 13 17 22 15 
30 53 22 15 19 24 0 35 20 18 15 13 29 47 26 19 20 19 23 19 17 14 41 23 24 
38 18 30 23 27 32 54 0 22 26 23 21 37 12 34 27 19 27 31 27 25 22 49 31 32 
16 40 23 20 24 24 44 40 0 8 26 24 34 52 30 20 15 17 28 23 18 25 27 34 25 
33 35 37 18 22 27 58 38 13 0 40 38 36 29 19 34 15 31 26 12 32 39 18 30 13 
14 43 12 5 9 22 36 25 5 8 0 3 19 37 11 4 5 9 13 4 7 4 25 13 9 
17 40 9 2 6 11 33 22 7 5 2 0 16 34 13 6 7 6 10 6 4 1 28 10 11 
23 46 20 8 12 17 48 28 8 11 13 11 0 40 14 17 12 21 16 7 15 12 34 21 21 
26 6 18 11 15 20 42 31 10 14 11 9 25 0 22 15 7 15 19 15 13 10 37 19 20 
21 44 25 6 10 15 46 26 13 9 24 27 43 38 0 22 21 19 14 18 20 28 32 37 19 
10 27 8 9 13 18 38 29 4 7 20 18 22 21 16 0 1 11 17 21 12 19 21 16 5 
26 55 24 17 21 34 48 37 3 6 12 15 31 49 23 16 0 21 25 16 19 16 24 25 21 
18 23 6 3 7 12 27 23 7 6 9 7 23 35 13 3 4 0 11 6 1 8 29 17 8 
23 27 11 8 12 17 32 28 5 11 14 12 28 21 11 8 7 5 0 4 6 13 34 22 5 
28 51 29 13 17 22 53 33 1 11 17 20 36 45 7 21 5 26 21 0 24 21 39 30 26 
21 22 5 6 10 15 39 26 5 9 8 6 22 38 19 12 2 12 14 12 0 7 32 16 17 
16 39 13 1 5 10 41 21 6 4 1 4 20 33 12 5 6 14 9 5 8 0 27 14 10 
31 23 15 16 20 25 49 36 10 13 18 16 32 17 29 22 7 22 24 22 10 17 0 26 27 
12 22 19 16 20 20 40 36 20 19 22 20 6 16 26 16 17 13 24 19 14 21 23 0 21 
20 22 24 5 9 14 45 25 5 8 27 25 41 16 24 21 2 18 13 17 19 26 31 35 0 

