30 1

1 1 1 1 1 1 1 1 1 1 1 1 1 1 1 1 1 1 1 1 1 1 1 1 1 1 1 1 1 1 

0 8 12 25 16 11 17 15 17 11 27 5 4 11 16 1 19 10 13 22 6 10 16 27 16 19 13 17 12 22 
15 0 15 24 24 14 25 21 11 18 18 13 10 17 23 16 10 18 21 13 12 17 22 21 19 27 4 20 18 13 
12 20 0 15 17 11 29 23 8 23 15 17 16 20 14 13 7 22 14 10 18 22 19 18 4 31 1 17 24 23 
21 17 9 0 16 8 26 12 17 9 27 14 1 8 14 2 16 19 13 19 3 8 13 27 13 28 10 14 9 22 
5 8 16 11 0 15 22 20 1 15 11 10 9 13 21 6 18 15 8 21 11 15 5 11 16 24 12 13 17 6 
13 21 1 16 18 0 30 24 9 24 16 18 17 21 15 14 8 23 15 11 19 23 20 19 5 32 2 18 25 24 
13 15 10 19 8 9 0 10 9 7 19 12 17 21 12 14 14 17 11 17 1 6 8 19 3 26 8 6 7 14 
10 8 18 18 7 17 27 0 6 21 13 15 14 13 26 11 18 20 4 21 16 20 1 16 18 29 12 15 22 13 
4 7 12 29 17 11 21 15 0 15 7 9 8 12 20 5 19 14 14 22 10 14 11 10 12 23 13 9 16 23 
19 8 3 25 16 2 17 9 15 0 22 5 23 22 16 20 10 10 13 13 18 10 10 25 7 19 4 14 24 22 
15 9 5 26 10 4 18 8 11 12 0 6 19 9 10 16 12 11 7 15 13 11 4 21 5 20 6 2 19 16 
16 3 9 20 11 8 12 15 12 6 22 0 21 17 11 17 13 5 8 16 13 5 11 22 12 14 7 9 19 17 
21 16 8 33 18 7 25 11 17 8 16 13 0 7 13 22 15 18 15 18 2 7 12 27 12 27 9 13 8 24 
13 9 13 23 8 19 30 12 9 17 19 18 17 0 22 14 20 8 5 23 19 16 8 19 9 17 14 6 25 14 
19 17 5 25 14 11 26 12 15 9 25 14 23 20 0 20 12 19 11 15 3 8 13 25 9 28 6 27 9 20 
24 19 11 36 21 10 28 14 20 11 19 16 3 10 16 0 18 21 18 21 5 10 15 30 15 30 12 16 11 27 
15 11 5 21 10 4 30 30 11 13 21 18 19 16 29 16 0 23 7 3 21 23 15 21 9 32 6 23 27 16 
11 7 5 15 6 11 26 27 7 9 17 14 16 12 14 12 12 0 3 15 18 8 11 17 9 9 6 19 24 12 
8 4 19 14 3 18 25 23 4 19 14 13 12 9 24 9 14 18 0 17 14 18 8 14 19 27 8 16 20 9 
16 12 2 22 11 1 33 20 12 17 22 21 9 16 22 17 9 14 8 0 11 16 16 22 6 23 3 24 17 17 
16 14 9 22 11 8 23 9 12 6 22 11 20 17 11 17 16 16 8 19 0 5 10 22 13 25 10 24 6 17 
16 9 4 26 17 3 18 18 12 1 9 6 20 18 6 17 11 11 14 14 9 0 13 22 8 20 5 11 15 23 
11 7 22 17 6 21 28 26 7 22 17 16 15 12 27 12 17 21 3 20 17 21 0 17 22 30 11 19 23 12 
15 11 15 25 10 21 32 14 11 19 21 20 19 2 24 16 22 10 7 25 21 18 10 0 11 19 16 8 27 16 
20 22 16 39 23 15 31 21 16 25 13 19 24 22 23 21 15 24 20 14 26 24 17 26 0 33 9 15 32 29 
8 11 18 6 21 17 25 18 4 15 11 13 7 14 20 9 21 18 18 24 9 14 15 14 16 0 15 13 15 27 
11 19 11 27 16 10 28 22 7 22 14 16 15 19 27 12 6 21 13 9 17 21 18 17 15 30 0 16 23 22 
13 9 24 22 8 23 30 6 9 24 19 18 17 14 29 14 19 23 5 22 19 23 2 19 3 16 13 0 25 14 
15 11 11 18 10 10 25 3 11 8 21 13 19 16 24 16 18 18 7 21 21 18 4 21 15 12 12 23 0 16 
15 11 10 11 10 9 26 13 11 9 5 14 12 19 15 13 17 19 7 20 14 19 9 21 10 28 11 7 20 0 

