30 1

1 1 1 1 1 1 1 1 1 1 1 1 1 1 1 1 1 1 1 1 1 1 1 1 1 1 1 1 1 1 

0 16 28 40 31 14 19 30 35 25 23 18 25 33 25 28 20 36 13 15 12 17 21 30 21 21 17 35 16 19 
14 0 25 19 18 11 30 17 22 24 10 15 12 20 22 22 7 15 10 12 23 17 14 17 8 8 14 22 3 16 
16 8 0 22 23 6 18 24 27 24 15 3 17 25 17 27 12 18 8 10 11 17 6 22 13 13 12 27 8 14 
18 7 19 0 22 5 22 2 7 9 14 7 16 24 16 12 11 8 7 9 15 7 10 18 12 12 6 16 7 13 
14 16 28 26 0 14 31 16 23 14 23 16 12 33 25 17 7 22 13 15 24 24 14 12 21 8 17 10 16 19 
13 2 14 26 17 0 22 16 21 23 9 7 11 19 11 21 6 22 2 4 15 24 10 16 7 7 6 21 2 8 
16 9 21 21 20 7 0 23 15 6 4 14 14 26 18 9 13 17 9 11 22 19 17 23 14 14 13 28 9 15 
16 5 17 10 20 3 20 0 17 19 12 5 14 22 14 22 9 6 5 7 13 8 8 16 10 10 4 14 5 11 
12 5 17 17 16 3 17 19 0 2 12 10 10 22 14 5 9 13 5 7 18 8 13 19 10 10 9 24 5 11 
10 3 15 15 14 1 15 17 9 0 10 8 8 20 12 3 7 11 3 5 16 13 11 17 8 8 7 22 3 9 
9 11 23 25 13 9 28 15 20 22 0 13 7 18 20 25 15 21 8 10 21 23 16 22 6 16 12 20 11 14 
13 14 26 19 23 12 15 21 26 21 19 0 17 31 23 24 18 15 14 16 8 14 3 19 19 10 18 33 14 20 
2 4 16 23 6 2 21 22 23 25 11 6 0 21 13 28 8 19 1 3 14 21 9 18 9 9 5 16 4 7 
9 7 19 18 13 5 19 8 2 4 14 13 7 0 16 7 11 14 8 10 21 10 16 4 12 12 12 2 7 14 
8 10 3 28 12 8 21 30 22 13 17 6 6 27 0 16 10 24 7 3 14 20 9 20 15 11 5 22 10 13 
7 4 16 12 11 2 12 14 19 18 11 9 5 21 13 0 8 8 4 6 17 10 12 18 9 9 8 23 4 10 
7 9 21 19 11 7 26 21 26 28 16 11 5 26 18 31 0 15 6 8 19 17 7 10 14 1 10 21 9 12 
15 4 16 4 13 2 24 6 11 13 7 9 13 21 13 16 8 0 4 6 17 2 12 13 9 4 8 23 4 10 
14 3 15 27 18 1 20 17 22 24 10 5 12 20 12 27 7 23 0 2 13 25 8 17 8 8 4 22 3 6 
14 16 28 22 18 14 18 24 29 24 22 3 12 33 25 27 7 18 13 0 11 17 6 17 21 8 2 28 16 19 
5 16 28 28 23 14 7 30 22 13 11 8 17 33 25 16 12 24 16 18 0 26 11 22 21 13 7 35 16 22 
25 11 34 27 29 20 37 17 22 24 21 22 23 20 31 27 18 23 22 24 30 0 25 24 8 19 21 22 14 28 
16 18 30 33 20 16 35 35 32 34 25 20 14 35 27 37 22 41 15 17 28 11 0 16 23 7 19 30 18 21 
28 21 33 17 32 19 33 19 16 18 28 26 26 38 30 21 25 25 21 23 34 24 12 0 26 19 25 40 21 27 
21 14 26 19 25 12 29 9 14 16 21 14 19 12 23 19 18 15 14 16 22 17 17 16 0 19 13 14 14 20 
9 11 23 26 13 9 28 28 30 32 18 13 7 28 20 35 15 34 8 10 21 33 16 9 16 0 12 23 11 14 
12 14 26 20 16 12 16 22 27 22 20 1 10 31 23 25 5 16 11 13 9 15 4 15 19 6 0 26 14 17 
7 9 21 16 11 7 26 6 23 25 16 11 5 26 18 28 13 12 6 8 19 14 14 2 14 14 10 0 9 12 
11 13 25 24 15 11 30 14 19 21 7 15 9 17 22 24 4 20 10 12 23 22 11 14 5 5 14 19 0 16 
14 9 28 28 18 14 33 30 31 33 19 18 12 29 25 16 16 24 13 15 26 26 10 14 17 5 17 28 12 0 

