35 1

1 1 1 1 1 1 1 1 1 1 1 1 1 1 1 1 1 1 1 1 1 1 1 1 1 1 1 1 1 1 1 1 1 1 1 

0 13 27 8 21 13 12 15 33 25 22 27 15 14 21 26 13 12 22 21 19 18 14 18 15 24 16 17 29 22 15 18 17 16 19 
6 0 8 5 18 10 9 2 30 22 19 24 12 11 12 12 10 9 19 18 16 15 11 15 12 21 3 14 15 19 12 20 14 7 10 
21 15 0 17 21 22 21 17 21 21 17 22 15 23 10 4 22 12 18 25 7 18 10 13 27 16 18 21 25 31 11 18 17 5 8 
13 12 19 0 13 5 4 9 25 17 14 19 7 6 13 18 5 4 14 13 11 10 6 10 7 16 11 9 21 14 7 10 9 8 11 
4 11 6 16 0 19 20 13 29 31 18 23 18 7 11 10 6 20 10 17 15 21 18 9 19 17 14 13 26 15 21 19 20 11 14 
13 16 15 10 16 0 14 13 29 12 18 10 14 12 11 19 11 14 10 17 15 17 10 14 19 9 19 13 16 20 2 11 16 6 9 
9 20 18 8 21 13 0 5 21 21 22 19 15 2 15 22 1 12 21 21 7 18 13 18 15 12 7 17 19 10 11 14 17 10 13 
4 15 22 3 16 8 7 0 28 20 17 22 10 9 10 21 8 7 17 16 14 13 9 13 10 19 14 12 24 17 10 18 12 5 8 
18 19 14 9 22 14 13 14 0 21 6 11 16 13 14 18 12 13 17 12 7 19 9 17 16 8 18 18 25 21 11 10 18 17 20 
8 15 10 13 4 18 17 10 28 0 22 7 2 6 10 14 5 12 14 21 14 5 14 13 23 16 11 17 4 14 20 18 4 5 8 
12 13 8 3 16 8 7 8 15 15 0 5 10 7 8 12 6 7 11 16 1 13 3 11 10 2 12 12 19 15 5 4 12 11 14 
7 18 25 6 19 11 10 3 31 23 20 0 13 2 13 11 1 10 20 19 17 16 12 16 13 22 7 15 19 10 13 24 15 8 11 
10 17 12 17 6 22 21 14 35 34 24 11 0 13 17 16 12 21 16 23 21 3 23 15 25 26 20 19 32 21 24 28 2 17 20 
26 25 24 19 25 9 23 22 38 21 27 19 23 0 20 28 20 23 19 26 24 26 19 23 28 18 28 22 25 8 11 20 25 15 18 
11 5 15 10 23 15 14 7 18 18 24 16 17 16 0 19 15 14 24 23 4 20 16 3 17 26 8 19 22 24 8 8 14 12 15 
17 11 18 13 17 18 17 13 24 24 17 22 11 19 6 0 18 8 18 26 10 14 10 9 20 12 14 22 28 27 14 14 13 1 4 
10 22 25 17 26 10 21 14 35 22 28 20 24 1 17 29 0 21 20 27 21 27 20 20 29 19 6 23 18 9 12 21 26 12 15 
8 11 15 12 9 17 16 13 24 24 9 14 3 16 11 19 15 0 10 17 10 6 2 9 19 11 14 13 28 24 14 13 5 18 21 
12 6 16 11 14 9 15 8 19 21 8 13 8 15 1 12 14 15 0 7 5 11 11 4 9 10 9 3 25 23 11 12 10 10 13 
13 14 9 4 17 2 8 9 16 14 1 6 11 8 9 13 7 8 8 0 2 14 4 12 11 3 13 13 18 16 4 5 13 8 11 
15 21 24 18 18 23 22 15 14 14 20 12 16 14 21 28 13 22 20 27 0 19 12 19 29 22 11 23 18 22 4 24 18 19 22 
7 14 9 14 3 19 18 11 32 31 21 8 21 10 14 13 9 18 13 20 18 0 20 12 22 23 17 16 29 18 21 25 4 14 17 
15 9 15 10 23 15 14 11 22 22 7 12 17 14 9 19 13 14 8 15 8 20 0 7 17 9 12 11 26 22 12 11 19 16 19 
8 2 10 7 20 12 11 4 32 24 21 26 14 13 14 14 12 11 21 20 18 17 13 0 14 23 5 16 17 21 14 25 9 9 12 
11 5 15 10 13 8 14 7 22 20 7 12 7 14 6 11 13 8 14 6 8 10 10 3 0 9 8 2 24 22 10 11 9 1 4 
16 10 6 1 14 6 5 12 23 18 8 13 8 7 10 10 6 5 9 14 9 11 1 8 8 0 13 10 22 15 8 2 10 9 12 
4 16 30 11 24 16 15 8 29 28 25 30 18 14 11 29 13 15 25 24 15 21 17 14 18 27 0 20 12 22 18 19 20 6 9 
9 3 13 8 11 6 12 5 20 18 5 10 5 12 12 9 11 12 12 4 6 8 8 1 6 7 6 0 22 20 8 9 7 7 10 
11 23 24 18 27 11 22 15 31 23 16 21 25 2 18 28 1 22 23 15 17 28 19 21 25 18 7 27 0 10 13 20 27 13 16 
20 14 24 19 25 9 23 16 38 21 26 19 23 3 20 28 20 23 27 32 24 26 19 12 26 18 17 28 25 0 11 20 25 15 18 
15 17 20 14 14 19 18 11 30 10 15 8 12 10 17 24 9 18 16 23 16 15 8 15 25 17 20 19 14 18 0 19 14 15 18 
15 22 7 20 14 25 12 17 28 28 34 26 22 14 17 11 13 19 29 33 14 25 21 20 27 36 11 29 23 22 18 0 6 12 15 
12 19 14 24 8 27 28 21 37 23 26 21 25 15 19 18 14 28 18 25 23 28 21 17 27 28 22 21 27 23 13 30 0 19 22 
16 10 22 15 16 20 19 12 23 23 16 21 10 21 5 26 20 7 17 24 9 13 9 8 26 18 13 20 27 29 13 13 12 0 3 
13 7 17 12 25 17 16 9 20 20 9 14 19 16 2 21 15 16 20 25 6 22 12 5 19 11 10 21 24 24 10 13 21 14 0 

