55 1

1 1 1 1 1 1 1 1 1 1 1 1 1 1 1 1 1 1 1 1 1 1 1 1 1 1 1 1 1 1 1 1 1 1 1 1 1 1 1 1 1 1 1 1 1 1 1 1 1 1 1 1 1 1 1 

0 12 9 8 5 12 10 13 8 14 10 10 15 8 10 11 16 1 5 7 9 3 19 5 11 15 10 6 6 14 4 2 6 11 17 16 17 12 8 8 17 9 27 8 10 4 12 14 12 14 12 8 5 7 14 
12 0 8 10 7 11 9 12 7 16 12 12 14 10 13 10 15 13 13 14 8 2 21 7 13 14 9 18 8 13 14 4 8 10 21 15 16 11 12 10 8 13 26 10 12 11 11 16 11 7 14 7 7 6 13 
12 6 0 8 9 7 10 10 10 10 6 15 6 6 16 6 12 13 12 15 7 8 26 10 10 15 8 18 14 8 12 10 11 13 19 7 11 3 10 17 11 11 23 13 7 12 12 13 12 5 8 15 13 12 12 
17 19 21 0 11 7 10 15 16 8 11 11 27 9 22 11 18 16 6 13 13 21 24 6 17 15 14 21 11 14 5 19 7 19 23 16 17 17 24 9 17 25 29 14 17 10 12 20 5 19 13 20 12 21 18 
22 14 13 13 0 10 13 8 12 16 14 21 19 14 14 14 11 17 11 19 13 7 25 16 23 18 13 10 16 12 10 18 15 15 12 19 20 11 18 14 15 19 22 3 15 16 15 26 15 13 6 12 17 11 18 
12 12 16 3 8 0 3 12 9 8 13 11 22 9 15 4 11 13 10 8 6 14 25 6 12 8 7 18 18 7 9 14 7 12 26 9 10 10 17 13 10 18 22 12 23 5 5 15 5 12 10 22 17 16 11 
9 9 20 3 8 4 0 11 6 5 10 8 18 6 12 1 8 10 7 5 10 11 22 3 9 5 11 15 15 4 6 11 4 9 23 6 7 7 14 10 7 15 19 9 19 2 2 12 2 9 12 19 14 13 15 
14 9 14 9 7 10 13 0 6 8 8 13 20 9 12 14 3 15 3 13 10 8 17 8 12 18 6 12 8 4 2 13 7 9 17 10 14 17 8 6 7 9 14 4 7 10 15 15 15 3 10 13 9 12 15 
13 12 19 7 12 4 7 5 0 14 15 11 25 9 6 8 8 14 8 7 10 14 22 6 11 12 11 10 13 9 7 15 7 3 22 13 14 14 13 13 12 14 19 9 12 4 9 14 9 8 14 18 18 8 15 
11 13 17 8 9 14 10 13 14 0 9 14 23 12 20 11 16 12 7 5 7 15 25 9 9 15 8 17 12 14 6 13 10 17 25 14 17 17 16 10 17 17 27 12 21 2 12 12 12 11 11 21 16 13 12 
18 10 17 9 4 6 9 4 10 12 0 17 23 10 13 10 7 19 7 14 7 12 21 12 18 14 3 9 12 8 6 14 13 13 21 15 16 7 14 10 11 13 18 8 11 11 11 21 11 9 2 17 13 16 12 
20 9 17 11 8 10 9 8 15 14 4 0 23 11 17 10 11 21 11 14 11 11 25 8 18 14 7 13 17 13 10 13 9 18 25 15 16 11 18 2 16 17 22 12 21 11 11 8 11 13 6 16 16 15 16 
6 8 11 9 3 7 10 4 5 4 10 11 0 9 11 11 6 7 7 9 1 10 20 6 4 15 2 12 12 8 6 8 7 8 14 1 5 7 14 10 11 6 17 7 1 6 12 7 5 9 2 10 11 8 6 
15 17 20 18 12 16 19 13 14 13 19 20 9 0 20 20 15 16 16 18 10 19 29 15 13 24 11 21 21 17 15 17 16 17 23 10 14 16 23 19 20 15 26 16 10 15 21 16 14 18 11 19 20 17 15 
17 6 14 9 13 10 6 17 12 11 16 14 20 12 0 7 14 10 13 11 14 8 28 9 15 11 15 15 14 10 12 10 10 15 29 12 13 13 20 16 13 21 25 15 18 8 8 18 8 15 18 13 13 12 19 
8 16 14 2 11 9 12 17 13 4 13 13 20 11 19 0 7 9 11 9 14 11 21 8 13 17 10 14 14 11 10 10 9 16 17 11 6 19 16 15 14 17 18 8 18 6 14 16 7 21 15 16 13 15 9 
14 9 11 13 4 10 13 8 6 8 16 17 17 8 12 14 0 15 7 13 7 5 14 12 12 18 3 9 12 4 10 13 11 9 10 10 14 13 16 14 7 17 11 1 18 10 15 15 11 11 6 10 16 9 12 
12 11 13 9 11 15 18 12 13 12 10 15 8 13 9 19 14 0 8 6 9 13 28 10 10 14 10 5 13 16 7 14 11 16 16 9 13 16 7 11 19 8 25 15 7 3 20 13 13 15 10 12 17 14 14 
11 11 19 13 13 19 22 17 15 15 13 18 18 16 21 11 18 10 0 16 19 13 18 13 20 27 16 15 5 13 7 10 14 18 28 19 17 12 19 11 16 20 29 16 11 13 11 23 18 14 15 18 6 17 19 
6 8 16 7 11 7 10 7 9 7 10 9 15 7 15 11 10 7 5 0 13 10 24 4 4 15 14 12 12 11 4 8 5 12 20 16 17 17 11 8 14 12 21 11 16 9 12 7 5 6 12 16 11 8 18 
16 12 10 8 2 6 9 6 12 10 12 10 16 8 11 10 9 14 5 14 0 9 23 5 18 14 1 7 10 10 8 18 6 15 14 7 11 9 16 12 13 17 20 5 17 11 11 21 4 11 4 14 11 13 5 
18 12 6 10 8 9 7 10 5 12 10 15 12 13 11 8 13 19 13 12 6 0 27 10 16 12 7 13 20 11 12 16 11 8 25 13 14 9 16 8 14 17 24 11 13 9 9 14 9 11 12 5 19 4 11 
3 12 6 3 8 10 13 10 11 6 6 13 12 3 5 6 8 4 8 11 13 6 0 8 15 18 9 1 9 12 7 5 1 14 20 3 7 9 11 11 10 12 19 9 13 8 15 18 8 11 8 11 8 10 1 
18 14 23 3 15 10 13 13 10 11 9 5 12 3 16 14 16 19 9 17 13 16 27 0 16 18 14 24 14 17 8 20 1 13 26 13 17 16 23 7 20 18 27 17 13 14 15 13 8 18 11 22 15 20 18 
2 4 12 10 7 9 12 10 5 3 12 12 11 10 11 13 13 3 7 8 12 6 21 7 0 17 13 8 8 14 6 4 8 8 19 12 16 9 10 10 17 11 24 10 12 5 14 3 14 11 13 15 7 4 17 
15 5 13 15 7 11 14 9 9 4 5 17 19 5 15 15 3 8 12 9 10 7 17 12 13 0 6 13 13 7 11 9 13 12 18 1 2 2 9 15 10 10 14 4 17 6 16 16 16 4 7 14 12 11 15 
15 11 14 10 1 7 10 5 11 14 11 14 20 12 10 11 8 16 4 15 4 8 22 9 19 15 0 6 9 9 7 17 10 14 13 11 17 8 15 11 12 14 19 4 15 12 12 17 8 10 3 13 10 12 9 
21 10 18 13 9 11 10 9 16 15 5 18 24 16 4 11 12 22 12 15 12 12 26 13 19 15 8 0 18 14 11 14 14 19 26 16 17 12 19 15 17 18 23 13 22 12 12 22 12 14 7 17 17 16 17 
16 10 19 8 14 15 18 14 14 10 10 19 25 10 20 6 13 17 17 15 17 12 13 14 19 23 13 14 0 12 16 14 14 17 23 16 12 7 14 21 15 15 24 14 14 12 20 22 13 9 12 19 9 16 14 
10 5 13 9 12 6 9 7 2 4 17 13 19 9 8 10 10 11 10 9 12 7 24 8 8 14 13 16 13 0 9 9 7 5 15 6 10 16 15 15 3 16 21 6 17 6 11 11 11 10 16 12 12 11 17 
12 11 19 13 10 12 15 10 16 18 6 15 25 13 22 16 13 11 1 17 13 13 19 10 21 20 9 16 6 14 0 14 11 19 27 21 22 13 20 4 17 19 24 14 12 14 17 10 17 15 8 18 7 17 18 
8 17 17 6 3 13 9 11 15 14 12 8 23 6 18 10 14 9 14 14 11 11 17 3 18 14 12 14 4 13 13 0 4 18 15 15 16 16 19 10 16 17 25 6 8 11 11 16 11 14 9 16 3 15 16 
17 15 22 2 14 9 12 9 15 10 14 10 11 2 21 13 12 18 8 15 12 17 26 5 15 17 13 23 13 13 7 19 0 18 25 12 16 12 19 12 16 17 23 13 12 12 14 18 7 14 7 21 14 19 17 
10 11 16 4 9 1 4 2 8 11 12 8 22 6 3 5 5 11 5 4 7 13 19 3 8 9 8 7 10 6 4 12 4 0 19 10 11 11 10 10 9 11 16 6 9 1 6 11 6 5 11 15 15 12 12 
13 6 15 8 2 8 11 6 12 8 6 10 13 6 14 12 9 5 5 13 5 8 23 5 11 16 1 10 10 10 8 10 6 15 0 12 18 3 10 12 6 11 20 5 12 10 13 14 9 5 4 15 13 12 10 
14 9 17 11 9 15 18 13 11 3 15 17 15 15 17 19 5 7 10 8 12 11 19 12 12 23 8 12 17 9 9 13 13 14 15 0 4 18 14 13 7 15 16 6 14 5 10 15 16 16 11 19 16 15 17 
15 10 12 12 5 11 14 9 7 9 18 14 18 12 13 15 1 16 8 14 8 6 15 9 13 19 4 10 10 5 11 6 10 10 11 11 0 14 17 16 8 18 12 2 14 11 16 16 12 12 7 11 9 10 13 
15 3 11 10 7 9 12 7 7 9 3 12 17 3 13 13 10 16 10 14 10 5 24 7 13 17 6 12 11 5 9 7 8 10 16 11 15 0 7 14 8 8 21 11 15 11 14 16 14 2 5 12 10 9 15 
16 4 6 9 11 15 13 16 11 11 12 16 12 9 17 12 10 14 14 10 13 6 24 11 14 7 10 19 12 14 14 8 7 14 9 8 9 9 0 18 17 1 21 11 13 13 15 17 15 11 14 5 11 10 18 
19 7 15 9 6 8 11 6 12 14 2 11 21 9 15 12 9 20 9 16 9 9 23 6 20 16 5 11 15 10 8 11 7 15 25 17 18 9 16 0 13 17 20 10 13 13 13 6 13 11 4 14 14 13 14 
11 2 10 12 9 13 11 14 9 12 15 14 16 12 15 12 17 12 10 5 10 4 23 9 9 16 11 10 10 15 9 6 10 12 12 17 18 13 20 13 0 21 28 3 14 13 13 12 13 15 14 9 9 8 15 
15 3 5 8 10 14 12 15 10 15 11 15 11 8 16 11 17 13 13 9 12 5 16 10 13 17 9 17 11 16 13 7 6 13 8 12 16 8 15 17 14 0 13 13 12 14 14 16 14 10 13 4 10 9 17 
6 15 9 6 11 13 16 13 14 9 9 16 15 6 8 9 11 7 11 14 16 9 3 11 18 21 12 4 12 15 10 8 4 17 23 6 10 12 14 14 13 15 0 12 11 11 18 21 11 14 11 14 11 13 4 
22 15 10 14 5 13 11 14 9 16 12 19 16 15 11 12 17 14 17 16 14 4 31 14 20 16 10 7 23 15 16 19 15 12 9 17 18 12 19 12 18 20 28 0 17 13 13 18 13 14 14 9 22 8 19 
23 19 13 21 22 26 29 23 23 23 19 26 19 19 26 19 25 24 22 17 20 21 21 21 21 34 21 22 29 21 21 25 22 26 32 20 24 16 23 25 24 24 18 26 0 25 31 24 24 18 21 12 28 25 22 
9 11 20 6 14 12 8 14 12 10 10 12 18 10 18 9 16 10 5 3 17 13 23 7 7 13 13 15 10 12 4 11 8 15 23 14 15 15 14 8 15 15 27 17 19 0 10 10 10 9 12 19 14 11 22 
17 7 15 11 14 8 11 9 4 6 19 15 21 13 10 12 12 15 6 11 14 9 26 10 15 16 15 14 11 2 11 11 11 7 17 8 12 18 17 17 5 18 23 8 19 8 0 18 13 12 18 14 14 13 19 
13 1 9 11 8 12 10 6 8 14 9 13 15 9 14 11 9 14 9 15 9 3 23 8 19 15 10 19 9 10 8 5 9 11 22 16 17 6 13 12 13 14 20 10 13 12 12 0 12 8 11 8 8 7 14 
16 14 18 4 6 2 5 14 11 10 10 6 13 4 17 6 13 17 12 10 8 13 27 1 14 10 9 15 17 9 11 18 2 14 18 11 12 12 19 8 12 20 24 9 14 7 7 17 0 14 12 18 21 17 13 
21 9 11 8 16 15 18 18 16 16 14 10 17 8 22 19 15 19 14 15 18 11 29 5 19 12 15 24 17 19 13 13 6 19 14 13 14 14 5 12 22 6 26 16 18 18 20 18 13 0 16 10 16 15 23 
16 8 18 7 9 4 7 2 8 10 8 15 17 8 14 8 5 17 5 12 12 10 19 10 16 12 8 14 10 6 4 12 11 11 21 13 14 5 12 8 9 13 16 6 9 9 9 14 9 7 0 17 11 14 20 
11 7 1 9 10 14 17 11 11 11 7 14 7 7 17 7 13 12 10 5 8 9 27 9 9 22 9 17 17 9 9 13 10 14 20 8 12 4 11 13 12 12 24 14 8 13 19 12 12 6 9 0 16 13 13 
5 17 14 13 10 14 17 14 13 19 15 15 20 13 15 18 17 6 10 12 8 8 16 10 16 22 9 11 11 18 9 7 11 16 22 19 24 17 13 13 21 14 13 13 5 9 19 19 12 19 12 13 0 12 17 
14 15 20 8 13 5 8 6 1 15 16 12 26 10 7 9 9 15 9 8 11 17 23 7 12 13 12 11 14 10 8 16 8 4 23 14 15 15 14 14 13 15 20 10 13 5 10 15 10 9 15 19 19 0 16 
16 11 5 8 11 17 20 15 13 5 11 19 11 11 19 6 7 9 12 10 12 13 21 14 14 25 10 14 19 11 11 15 15 16 24 2 6 8 15 15 9 16 18 8 7 7 12 17 16 10 13 20 18 17 0 

