55 1

1 1 1 1 1 1 1 1 1 1 1 1 1 1 1 1 1 1 1 1 1 1 1 1 1 1 1 1 1 1 1 1 1 1 1 1 1 1 1 1 1 1 1 1 1 1 1 1 1 1 1 1 1 1 1 

0 5 12 18 8 12 13 12 11 16 9 15 29 11 14 12 15 11 15 14 14 16 10 9 11 13 5 11 12 14 14 17 10 6 16 2 16 10 12 12 12 15 19 15 8 10 11 8 8 10 13 15 16 12 7 
12 0 8 14 12 15 8 7 8 8 4 12 26 14 9 7 13 6 11 17 10 11 14 4 6 12 15 8 14 9 9 13 6 1 19 12 13 5 10 8 10 9 16 10 3 10 14 12 12 12 9 10 12 10 19 
7 9 0 15 6 17 14 11 9 9 10 14 28 16 15 11 17 13 12 15 17 13 15 8 10 13 9 9 12 11 15 14 10 5 17 6 21 9 14 12 17 10 18 4 7 14 16 16 13 17 17 11 7 14 14 
2 4 12 0 1 12 9 8 4 12 5 15 29 11 10 8 15 9 5 10 10 13 10 8 10 6 4 4 7 15 10 7 10 5 12 1 16 9 12 12 12 10 19 11 7 12 11 7 8 12 10 4 12 12 9 
7 9 11 11 0 16 8 10 3 12 4 13 27 15 9 16 16 16 11 9 10 16 14 13 9 12 9 3 6 14 9 13 9 10 11 6 13 8 13 11 16 13 17 9 12 17 12 12 12 17 9 10 12 13 14 
7 9 14 10 11 0 16 13 11 14 12 4 18 6 17 10 7 8 7 9 12 8 10 10 6 8 9 11 8 6 10 9 12 7 11 6 16 11 12 14 12 5 8 16 9 12 11 15 8 17 15 6 14 10 14 
8 10 12 6 7 10 0 12 10 10 11 10 24 9 1 6 7 7 3 12 8 11 5 14 8 4 10 6 11 14 1 5 11 11 14 7 11 10 7 13 7 8 14 9 13 8 6 11 6 14 11 2 10 10 11 
6 8 9 9 10 10 14 0 9 17 10 13 27 9 8 8 14 7 14 12 15 12 13 5 7 12 8 1 15 10 15 13 7 9 14 5 19 6 11 9 11 13 17 3 11 11 10 13 11 13 14 14 17 11 13 
9 11 11 11 9 15 5 8 0 9 1 15 29 14 6 13 12 13 8 17 7 13 10 10 10 9 11 9 10 13 6 10 10 12 19 8 16 9 12 12 12 10 19 6 14 13 11 18 11 16 6 7 9 14 16 
5 10 2 6 7 9 12 12 7 0 8 6 20 8 13 6 9 4 3 11 8 4 6 12 2 4 10 7 11 16 13 5 8 9 13 7 12 10 8 10 8 1 10 6 11 8 7 11 4 14 11 2 10 6 11 
12 14 10 10 8 14 4 10 11 8 0 14 28 13 5 12 11 12 7 16 6 12 9 9 9 8 14 10 9 12 5 9 9 15 18 11 15 8 11 11 11 9 18 13 17 12 10 17 10 15 5 6 8 13 15 
3 5 10 11 11 3 13 9 10 13 9 0 14 2 14 9 3 9 8 5 11 9 9 6 6 8 5 5 4 10 6 6 8 3 7 2 15 7 7 10 11 6 4 12 5 13 6 8 7 13 10 7 13 10 10 
10 12 18 8 9 14 11 19 12 16 13 15 0 13 12 19 7 16 5 16 17 20 10 16 17 13 12 11 13 18 12 7 17 13 18 9 16 17 12 7 12 17 19 11 6 17 11 15 8 11 16 13 14 12 14 
8 10 13 9 10 1 15 14 10 11 11 5 19 0 16 9 8 7 6 3 9 7 9 11 4 7 10 10 12 8 14 8 11 8 5 7 15 12 7 13 11 4 9 12 10 11 6 14 7 17 8 5 11 8 14 
12 11 12 12 13 16 14 15 9 10 10 13 27 15 0 18 13 6 9 18 11 14 8 15 12 11 14 9 14 17 15 5 14 12 20 11 14 13 10 16 6 11 17 9 10 15 9 17 6 15 10 12 13 10 12 
17 5 13 19 17 20 13 12 13 13 9 17 31 19 14 0 18 11 16 22 15 16 19 9 11 17 13 13 19 14 14 18 11 6 24 17 25 10 15 13 15 14 21 15 8 15 20 5 17 17 14 15 17 15 24 
10 12 16 14 13 10 13 16 15 14 9 7 21 9 14 16 0 12 11 12 15 12 14 13 10 5 12 15 11 17 14 13 15 10 14 9 20 14 4 10 10 9 11 19 12 15 3 15 12 15 14 10 17 14 12 
12 14 14 14 12 11 8 11 3 12 4 15 29 17 9 16 18 0 11 20 10 16 13 13 13 12 14 3 13 16 9 13 13 15 22 11 19 12 15 15 15 13 19 9 17 16 14 21 14 19 9 10 12 6 19 
5 7 13 3 4 13 6 14 7 11 8 10 24 12 7 14 10 11 0 15 12 15 5 11 13 8 7 6 14 13 7 2 12 8 17 4 11 12 7 14 7 12 14 6 10 12 6 10 3 12 11 8 9 7 9 
7 12 10 11 8 10 16 10 11 8 12 7 21 9 17 12 7 12 8 0 6 7 13 9 1 5 12 11 9 5 11 10 9 10 2 9 19 8 4 11 10 9 11 13 12 15 3 17 11 15 5 7 8 5 12 
7 12 4 8 2 12 10 4 5 2 6 9 23 11 11 8 12 6 5 14 0 6 8 9 3 6 12 5 3 6 5 7 3 13 16 9 14 2 10 5 10 3 13 7 15 10 9 13 6 9 13 4 2 7 13 
1 6 6 19 9 15 14 13 12 15 10 12 26 14 15 13 15 12 16 17 15 0 11 10 8 14 6 12 13 15 15 18 4 7 19 3 17 11 13 6 13 16 16 10 9 11 12 9 9 11 14 16 13 12 8 
8 10 8 8 9 8 14 11 9 6 10 5 19 7 8 14 5 6 5 10 7 10 0 11 8 3 10 1 10 15 12 7 10 8 12 7 6 9 2 12 2 7 9 14 6 13 1 13 8 13 6 8 9 12 10 
8 8 4 12 13 11 9 3 4 12 5 8 22 10 10 3 11 10 9 13 10 7 14 0 2 13 11 4 10 5 10 11 2 9 15 8 20 1 16 4 6 13 12 6 11 6 15 8 12 8 9 11 12 6 15 
7 9 14 15 15 7 17 13 14 17 13 4 18 6 18 13 7 13 12 9 15 13 13 10 0 12 9 9 8 14 10 10 12 7 11 6 19 11 11 14 15 10 8 16 9 17 10 12 11 17 14 11 17 4 14 
8 13 11 9 8 6 15 14 10 9 11 9 23 5 16 9 12 7 6 8 10 7 9 15 5 0 13 10 12 13 14 8 10 12 10 10 15 12 11 12 5 4 13 12 9 10 10 14 7 10 9 5 12 9 7 
14 17 10 21 16 17 15 9 10 19 11 14 28 16 16 17 17 23 18 19 17 13 20 14 8 19 0 10 16 11 16 20 8 18 21 14 26 7 14 10 22 20 18 12 7 20 21 6 21 14 16 17 19 12 21 
10 12 19 8 9 10 17 16 12 17 13 14 28 9 7 16 17 16 13 12 18 16 15 16 13 14 12 0 22 17 18 12 18 13 14 9 21 17 16 20 13 13 18 19 15 20 15 15 13 20 17 12 20 17 17 
9 11 13 7 8 11 10 13 11 11 12 14 28 10 11 7 14 8 4 13 9 15 9 15 12 5 11 10 0 15 2 6 12 12 15 8 15 11 11 14 11 12 18 10 14 9 10 12 7 15 12 3 11 11 12 
3 8 8 14 11 6 16 12 13 16 12 3 17 5 17 12 6 12 11 8 14 2 9 9 9 12 8 8 7 0 9 9 6 6 10 5 15 10 11 8 11 9 7 15 8 13 10 11 10 13 16 10 16 13 10 
7 9 11 5 6 9 8 11 9 9 10 12 26 8 9 5 12 6 2 11 7 13 7 13 10 3 9 8 10 13 0 4 10 10 13 6 13 9 9 12 9 10 16 8 12 7 8 10 5 13 10 1 9 9 10 
7 6 11 11 8 11 14 13 11 9 10 8 22 10 15 13 8 9 8 13 10 13 3 10 11 6 9 4 12 11 15 0 12 7 15 6 9 11 5 14 5 10 12 4 9 10 4 12 1 10 9 11 7 5 7 
9 11 2 12 8 11 16 13 11 11 12 8 22 10 17 13 11 15 9 13 14 11 14 10 4 10 11 11 8 9 7 11 0 7 15 8 20 11 16 2 16 12 12 6 9 14 15 18 12 6 17 8 9 8 16 
11 11 7 16 13 14 12 6 7 15 8 11 25 13 13 6 12 13 13 16 13 10 18 3 5 14 14 7 9 8 11 15 5 0 18 11 24 4 9 7 9 16 15 9 2 9 15 11 16 11 12 12 15 9 18 
6 10 11 12 11 8 11 14 13 12 7 5 19 7 12 14 5 10 9 10 13 5 12 11 8 3 10 13 9 3 12 11 9 8 0 7 18 12 2 8 8 7 9 17 10 13 1 13 10 13 12 8 15 12 10 
1 3 11 17 9 16 11 10 11 15 7 13 27 15 12 10 13 9 14 18 13 14 8 7 9 11 3 6 13 12 12 16 9 4 20 0 14 8 10 11 10 16 17 13 6 11 9 6 6 11 14 13 15 10 8 
8 10 8 12 11 8 13 7 8 12 9 5 19 7 14 7 5 10 9 10 14 11 12 4 6 3 10 8 9 9 11 11 6 8 12 7 0 5 2 8 8 7 9 10 5 10 1 12 10 13 13 8 16 10 10 
7 10 3 14 9 10 8 2 3 12 4 7 21 9 9 10 10 16 11 12 10 6 13 7 1 12 10 3 9 4 9 13 1 11 14 7 19 0 15 3 15 13 11 5 13 13 14 15 14 7 9 10 12 5 14 
6 8 13 14 14 6 16 12 13 16 12 3 17 5 17 12 3 12 11 8 14 12 14 9 9 8 8 8 7 13 9 13 11 6 10 5 20 10 0 6 13 9 7 15 8 16 6 11 12 10 19 10 16 13 13 
14 17 19 13 14 7 16 20 16 17 17 11 25 6 17 13 14 13 10 9 15 13 15 17 10 11 17 16 6 14 8 12 19 14 11 14 21 18 13 0 17 10 15 16 16 15 12 18 13 4 14 9 17 14 18 
8 10 6 6 7 13 12 9 7 4 8 10 24 12 13 11 13 4 3 15 5 8 8 8 6 8 10 7 8 11 10 5 8 11 17 7 14 7 10 10 0 5 14 12 4 12 9 16 6 15 4 6 7 10 12 
4 9 11 5 6 8 11 11 6 9 7 5 19 7 12 5 8 3 2 10 7 3 5 11 1 3 9 6 10 15 12 4 10 8 12 6 11 9 7 12 7 0 9 8 10 7 6 10 3 13 10 1 9 5 10 
3 5 6 16 11 12 12 6 7 15 8 9 23 11 13 12 9 11 13 14 17 9 10 9 5 7 5 7 12 7 13 15 4 6 4 2 16 4 6 6 12 11 0 9 8 13 5 8 8 10 16 12 13 9 10 
3 5 13 19 11 18 13 12 13 16 9 15 29 17 14 12 15 11 16 20 17 16 10 9 11 13 5 8 15 14 14 18 11 6 22 2 16 10 12 13 12 17 19 0 8 13 11 8 8 13 16 15 19 12 10 
13 15 20 14 15 13 17 19 18 18 19 10 24 12 18 14 10 15 11 15 16 22 16 16 16 12 15 17 7 20 9 13 18 13 17 12 22 17 7 13 18 19 14 17 0 16 13 19 14 17 19 10 18 18 19 
11 13 8 9 6 13 14 8 9 6 10 13 27 12 15 10 16 10 6 15 4 10 11 7 7 7 13 9 7 10 9 8 7 14 17 10 17 6 13 9 13 7 17 11 16 0 12 15 9 13 3 5 6 11 14 
7 9 13 11 10 7 10 13 12 11 6 4 18 6 11 13 4 9 8 9 12 9 11 10 7 2 9 12 8 14 11 10 12 7 11 6 17 11 1 7 7 6 8 16 9 12 0 12 9 12 11 7 14 11 9 
20 22 16 22 23 20 21 15 16 24 17 17 31 19 22 15 17 22 19 22 22 19 24 12 14 15 8 16 15 17 17 21 14 20 24 19 12 13 14 9 20 19 21 18 7 18 13 0 22 13 21 18 24 18 22 
10 5 10 10 11 10 13 12 11 8 9 7 21 9 14 12 7 8 7 12 9 12 2 9 10 5 12 3 12 14 14 9 11 6 14 9 8 10 4 13 4 9 11 15 8 15 3 17 0 15 8 10 11 4 12 
11 13 15 9 10 13 12 15 13 13 14 16 30 12 13 9 16 10 6 15 11 17 11 17 14 7 13 12 2 17 4 8 14 14 17 10 17 13 13 16 13 14 20 12 16 11 12 14 9 0 14 5 13 13 14 
8 10 5 6 3 10 11 5 6 3 7 10 24 9 12 7 13 7 3 12 1 7 8 4 4 4 10 6 4 7 6 5 4 11 14 7 14 3 10 6 10 4 14 8 13 8 9 12 6 10 0 2 3 8 11 
6 8 10 4 5 8 7 10 8 8 9 11 25 7 8 4 11 5 1 10 6 12 6 12 9 2 8 7 9 12 8 3 9 9 12 5 12 8 8 11 8 9 15 7 11 6 7 9 4 12 9 0 8 8 9 
7 12 4 8 9 10 14 14 9 2 10 7 21 9 15 8 10 6 5 12 10 6 8 13 4 6 12 9 13 4 15 7 13 10 14 9 14 12 10 15 10 3 11 8 12 10 9 13 6 16 13 4 0 8 13 
12 14 19 15 16 5 9 18 16 19 17 9 23 11 10 15 12 13 12 14 17 13 15 15 11 13 14 16 13 11 10 14 17 12 16 11 21 16 17 19 17 10 13 21 14 17 16 20 13 22 20 11 19 0 19 
11 14 5 12 1 14 9 6 4 9 5 11 25 13 10 13 7 13 9 16 7 10 14 10 5 10 14 4 5 8 7 11 3 10 18 11 20 4 11 5 16 10 15 9 12 3 10 18 12 3 6 8 9 9 0 

